   1.00000000000000       0.841470984807897     
   2.00000000000000       0.909297426825682     
   3.00000000000000       0.141120008059867     
   4.00000000000000      -0.756802495307928     
   5.00000000000000      -0.958924274663138     
   6.00000000000000      -0.279415498198926     
   7.00000000000000       0.656986598718789     
   8.00000000000000       0.989358246623382     
   9.00000000000000       0.412118485241757     
   10.0000000000000      -0.544021110889370     
   11.0000000000000      -0.999990206550703     
   12.0000000000000      -0.536572918000435     
   13.0000000000000       0.420167036826641     
   14.0000000000000       0.990607355694870     
   15.0000000000000       0.650287840157117     
   16.0000000000000      -0.287903316665065     
   17.0000000000000      -0.961397491879557     
   18.0000000000000      -0.750987246771676     
   19.0000000000000       0.149877209662952     
   20.0000000000000       0.912945250727628     
   21.0000000000000       0.836655638536056     
   22.0000000000000      -8.851309290403876E-003
   23.0000000000000      -0.846220404175171     
   24.0000000000000      -0.905578362006624     
   25.0000000000000      -0.132351750097773     
   26.0000000000000       0.762558450479603     
   27.0000000000000       0.956375928404503     
   28.0000000000000       0.270905788307869     
   29.0000000000000      -0.663633884212968     
   30.0000000000000      -0.988031624092862     
   31.0000000000000      -0.404037645323065     
   32.0000000000000       0.551426681241691     
   33.0000000000000       0.999911860107267     
   34.0000000000000       0.529082686120024     
   35.0000000000000      -0.428182669496151     
   36.0000000000000      -0.991778853443116     
   37.0000000000000      -0.643538133356999     
   38.0000000000000       0.296368578709385     
   39.0000000000000       0.963795386284088     
   40.0000000000000       0.745113160479349     
   41.0000000000000      -0.158622668804709     
   42.0000000000000      -0.916521547915634     
   43.0000000000000      -0.831774742628598     
   44.0000000000000       1.770192510541358E-002
   45.0000000000000       0.850903524534118     
   46.0000000000000       0.901788347648809     
   47.0000000000000       0.123573122745224     
   48.0000000000000      -0.768254661323667     
   49.0000000000000      -0.953752652759472     
   50.0000000000000      -0.262374853703929     
   51.0000000000000       0.670229175843375     
   52.0000000000000       0.986627592040485     
   53.0000000000000       0.395925150181834     
   54.0000000000000      -0.558789048851616     
   55.0000000000000      -0.999755173358620     
   56.0000000000000      -0.521551002086912     
   57.0000000000000       0.436164755247825     
   58.0000000000000       0.992872648084537     
   59.0000000000000       0.636738007139138     
   60.0000000000000      -0.304810621102217     
   61.0000000000000      -0.966117770008393     
   62.0000000000000      -0.739180696649223     
   63.0000000000000       0.167355700302807     
   64.0000000000000       0.920026038196791     
   65.0000000000000       0.826828679490103     
   66.0000000000000      -2.655115402396679E-002
   67.0000000000000      -0.855519978975322     
   68.0000000000000      -0.897927680689291     
   69.0000000000000      -0.114784813783187     
   70.0000000000000       0.773890681557889     
   71.0000000000000       0.951054653254375     
   72.0000000000000       0.253823362762036     
   73.0000000000000      -0.676771956887308     
   74.0000000000000      -0.985146260468247     
   75.0000000000000      -0.387781635409430     
   76.0000000000000       0.566107636898180     
   77.0000000000000       0.999520158580731     
   78.0000000000000       0.513978455987535     
   79.0000000000000      -0.444112668707508     
   80.0000000000000      -0.993888653923375     
   81.0000000000000      -0.629887994274454     
   82.0000000000000       0.313228782433085     
   83.0000000000000       0.968364461100185     
   84.0000000000000       0.733190320073292     
   85.0000000000000      -0.176075619948587     
   86.0000000000000      -0.923458447004060     
   87.0000000000000      -0.821817836630823     
   88.0000000000000       3.539830273366068E-002
   89.0000000000000       0.860069405812453     
   90.0000000000000       0.893996663600558     
   91.0000000000000       0.105987511751157     
   92.0000000000000      -0.779466069615805     
   93.0000000000000      -0.948282141269947     
   94.0000000000000      -0.245251985467654     
   95.0000000000000       0.683261714736121     
   96.0000000000000       0.983587745434345     
   97.0000000000000       0.379607739027522     
   98.0000000000000      -0.573381871990423     
   99.0000000000000      -0.999206834186354     
   100.000000000000      -0.506365641109759     
   101.000000000000       0.452025787178351     
   102.000000000000       0.994826791358406     
   103.000000000000       0.622988631442349     
   104.000000000000      -0.321622403162531     
   105.000000000000      -0.970535283537485     
   106.000000000000      -0.727142500080853     
   107.000000000000       0.184781744560667     
   108.000000000000       0.926818505417785     
   109.000000000000       0.816742606636317     
   110.000000000000      -4.424267808507096E-002
   111.000000000000      -0.864551448610608     
   112.000000000000      -0.889995604366833     
   113.000000000000      -9.718190589320902E-002
   114.000000000000       0.784980388681310     
   115.000000000000       0.945435334024770     
   116.000000000000       0.236661393364286     
   117.000000000000      -0.689697940935389     
   118.000000000000      -0.981952169044084     
   119.000000000000      -0.371404101438090     
   120.000000000000       0.580611184212314     
   121.000000000000       0.998815224723580     
   122.000000000000       0.498713153896394     
   123.000000000000      -0.459903490689591     
   124.000000000000      -0.995686986889179     
   125.000000000000      -0.616040459188656     
   126.000000000000       0.329990825673782     
   127.000000000000       0.972630067242408     
   128.000000000000       0.721037710501732     
   129.000000000000      -0.193473392038468     
   130.000000000000      -0.930105950186762     
   131.000000000000      -0.811603387136700     
   132.000000000000       5.308358714605824E-002
   133.000000000000       0.868965756214236     
   134.000000000000       0.885924816459948     
   135.000000000000       8.836868610400143E-002
   136.000000000000      -0.790433206722889     
   137.000000000000      -0.942514454558251     
   138.000000000000      -0.228052259500861     
   139.000000000000       0.696080131224742     
   140.000000000000       0.980239659440312     
   141.000000000000       0.363171365373259     
   142.000000000000      -0.587795007167407     
   143.000000000000      -0.998345360873918     
   144.000000000000      -0.491021593898469     
   145.000000000000       0.467745162045133     
   146.000000000000       0.996469173121774     
   147.000000000000       0.609044021883292     
   148.000000000000      -0.338333394324277     
   149.000000000000      -0.974648648094495     
   150.000000000000      -0.714876429629165     
   151.000000000000       0.202149881415654     
   152.000000000000       0.933320523748862     
   153.000000000000       0.806400580775486     
   154.000000000000      -6.192033725605731E-002
   155.000000000000      -0.873311982774648     
   156.000000000000      -0.881784618814781     
   157.000000000000      -7.954854287472210E-002
   158.000000000000       0.795824096527455     
   159.000000000000       0.939519731713148     
   160.000000000000       0.219425258379005     
   161.000000000000      -0.702407785577371     
   162.000000000000      -0.978450350793380     
   163.000000000000      -0.354910175844935     
   164.000000000000       0.594932778023209     
   165.000000000000       0.997797279449891     
   166.000000000000       0.483291563728257     
   167.000000000000      -0.475550186871899     
   168.000000000000      -0.997173288774080     
   169.000000000000      -0.601999867677605     
   170.000000000000       0.346649455497030     
   171.000000000000       0.976590867943566     
   172.000000000000       0.708659140182323     
   173.000000000000      -0.210810532913481     
   174.000000000000      -0.936461974251213     
   175.000000000000      -0.801134595178041     
   176.000000000000       7.075223608034517E-002
   177.000000000000       0.877589787777116     
   178.000000000000       0.877575335804269     
   179.000000000000       7.072216723899125E-002
   180.000000000000      -0.801152635733830     
   181.000000000000      -0.936451400117644     
   182.000000000000      -0.210781065900192     
   183.000000000000       0.708680408239208     
   184.000000000000       0.976584383290629     
   185.000000000000       0.346621180094276     
   186.000000000000      -0.602023937555283     
   187.000000000000      -0.997171023392149     
   188.000000000000      -0.475523669012058     
   189.000000000000       0.483317953667963     
   190.000000000000       0.997799278680600     
   191.000000000000       0.594908548461427     
   192.000000000000      -0.354938357651846     
   193.000000000000      -0.978456574622113     
   194.000000000000      -0.702386329268492     
   195.000000000000       0.219454667994064     
   196.000000000000       0.939530055569931     
   197.000000000000       0.795805842919647     
   198.000000000000      -7.957859166428352E-002
   199.000000000000      -0.881798836067550     
   200.000000000000      -0.873297297213995     
   201.000000000000      -6.189025071872073E-002
   202.000000000000       0.806418406865830     
   203.000000000000       0.933309700166960     
   204.000000000000       0.202120359312791     
   205.000000000000      -0.714897507767764     
   206.000000000000      -0.974641903125410     
   207.000000000000      -0.338305027540978     
   208.000000000000       0.609067930191060     
   209.000000000000       0.996466641766108     
   210.000000000000       0.467718518342759     
   211.000000000000      -0.491047853850463     
   212.000000000000      -0.998347093796772     
   213.000000000000      -0.587770619819841     
   214.000000000000       0.363199451376361     
   215.000000000000       0.980245621957223     
   216.000000000000       0.696058488344911     
   217.000000000000      -0.228081609413528     
   218.000000000000      -0.942524527329403     
   219.000000000000      -0.790414741493181     
   220.000000000000       8.839871248753149E-002
   221.000000000000       0.885938797878757     
   222.000000000000       0.868950838216349     
   223.000000000000       5.305348526993529E-002
   224.000000000000      -0.811620997364974     
   225.000000000000      -0.930094878004525     
   226.000000000000      -0.193443817159008     
   227.000000000000       0.721058597070632     
   228.000000000000       0.972623062485624     
   229.000000000000       0.329962369732397     
   230.000000000000      -0.616064204053364     
   231.000000000000      -0.995684189758103     
   232.000000000000      -0.459876723232143     
   233.000000000000       0.498739281803281     
   234.000000000000       0.998816691202808     
   235.000000000000       0.580586640989645     
   236.000000000000      -0.371432089436923     
   237.000000000000      -0.981957869782025     
   238.000000000000      -0.689676113180267     
   239.000000000000       0.236690681275077     
   240.000000000000       0.945445154921117     
   241.000000000000       0.784961713276403     
   242.000000000000      -9.721190751822432E-002
   243.000000000000      -0.890009348856277     
   244.000000000000      -0.864536299344272     
   245.000000000000      -4.421256322855966E-002
   246.000000000000       0.816759999622809     
   247.000000000000       0.926807185502688     
   248.000000000000       0.184752119221718     
   249.000000000000      -0.727163193443649     
   250.000000000000      -0.970528019541805     
   251.000000000000      -0.321593860292504     
   252.000000000000       0.623012211003653     
   253.000000000000       0.994823728671067     
   254.000000000000       0.451998898062983     
   255.000000000000      -0.506391634924491     
   256.000000000000      -0.999208034107063     
   257.000000000000      -0.573357174815543     
   258.000000000000       0.379635626829303     
   259.000000000000       0.983593183946681     
   260.000000000000       0.683239703815851     
   261.000000000000      -0.245281209081943     
   262.000000000000      -0.948291709522049     
   263.000000000000      -0.779447185498863     
   264.000000000000       0.106017486267114     
   265.000000000000       0.894010170083794     
   266.000000000000       0.860054026464570     
   267.000000000000       3.536817725617605E-002
   268.000000000000      -0.821835011012840     
   269.000000000000      -0.923446880242987     
   270.000000000000      -0.176045946471211     
   271.000000000000       0.733210818608718     
   272.000000000000       0.968356938434724     
   273.000000000000       0.313200154870670     
   274.000000000000      -0.629911406684961     
   275.000000000000      -0.993885325919726     
   276.000000000000      -0.444085660040910     
   277.000000000000       0.514004313673569     
   278.000000000000       0.999521091848910     
   279.000000000000       0.566082787706044     
   280.000000000000      -0.387809420829229     
   281.000000000000      -0.985151436328885     
   282.000000000000      -0.676749764526383     
   283.000000000000       0.253852519790234     
   284.000000000000       0.951063968112585     
   285.000000000000       0.773871590208432     
   286.000000000000      -0.114814758841666     
   287.000000000000      -0.897940948108125     
   288.000000000000      -0.855504370750821     
   289.000000000000      -2.652102028575595E-002
   290.000000000000       0.826845633922081     
   291.000000000000       0.920014225495965     
   292.000000000000       0.167325981011839     
   293.000000000000      -0.739200998751274     
   294.000000000000      -0.966109989262530     
   295.000000000000      -0.304781911090303     
   296.000000000000       0.636761250564552     
   297.000000000000       0.992869055025318     
   298.000000000000       0.436137629146049     
   299.000000000000      -0.521576721618370     
   300.000000000000      -0.999755839901149     
   301.000000000000      -0.558764049589089     
   302.000000000000       0.395952831042741     
   303.000000000000       0.986632504843911     
   304.000000000000       0.670206803780506     
   305.000000000000      -0.262403941861664     
   306.000000000000      -0.953761713493999     
   307.000000000000      -0.768235364237447     
   308.000000000000       0.123603036000113     
   309.000000000000       0.901801374963775     
   310.000000000000       0.850887688655860     
   311.000000000000       1.767178546737087E-002
   312.000000000000      -0.831791475782204     
   313.000000000000      -0.916509490200547     
   314.000000000000      -0.158592906028573     
   315.000000000000       0.745133264557413     
   316.000000000000       0.963787348067422     
   317.000000000000       0.296339788497322     
   318.000000000000      -0.643561205976262     
   319.000000000000      -0.991774995609833     
   320.000000000000      -0.428155428084452     
   321.000000000000       0.529108265481853     
   322.000000000000       0.999912259871926     
   323.000000000000       0.551401533867395     
   324.000000000000      -0.404065219456361     
   325.000000000000      -0.988036273454170     
   326.000000000000      -0.663611334200943     
   327.000000000000       0.270934805316165     
   328.000000000000       0.956384734305463     
   329.000000000000       0.762538949168494     
   330.000000000000      -0.132381629205452     
   331.000000000000      -0.905591148197067     
   332.000000000000      -0.846204341883851     
   333.000000000000      -8.821166113885877E-003
   334.000000000000       0.836672149100295     
   335.000000000000       0.912932948942968     
   336.000000000000       0.149847405733478     
   337.000000000000      -0.751007151250654     
   338.000000000000      -0.961389196821861     
   339.000000000000      -0.287874448508486     
   340.000000000000       0.650310740162553     
   341.000000000000       0.990603233389774     
   342.000000000000       0.420139682239307     
   343.000000000000      -0.536598355188564     
   344.000000000000      -0.999990339506171     
   345.000000000000      -0.543995817373532     
   346.000000000000       0.412145950487085     
   347.000000000000       0.989362632178309     
   348.000000000000       0.656963872524340     
   349.000000000000      -0.279444441784382     
   350.000000000000      -0.958932825040613     
   351.000000000000      -0.756782791299803     
   352.000000000000       0.141149850679391     
   353.000000000000       0.909309970889841     
   354.000000000000       0.841454697361953     
   355.000000000000      -3.014435335948845E-005
   356.000000000000      -0.841487271489211     
   357.000000000000      -0.909284881935260     
   358.000000000000      -0.141090165312110     
   359.000000000000       0.756822198628360     
   360.000000000000       0.958915723414307     
   361.000000000000       0.279386554359570     
   362.000000000000      -0.657009324316247     
   363.000000000000      -0.989353860169443     
   364.000000000000      -0.412091019621943     
   365.000000000000       0.544046403910865     
   366.000000000000       0.999990072686563     
   367.000000000000       0.536547480324732     
   368.000000000000      -0.420194391032177     
   369.000000000000      -0.990611477099820     
   370.000000000000      -0.650264939560776     
   371.000000000000       0.287932184560032     
   372.000000000000       0.961405786063648     
   373.000000000000       0.750967341610289     
   374.000000000000      -0.149907013456236     
   375.000000000000      -0.912957551682710     
   376.000000000000      -0.836639127211564     
   377.000000000000       8.881452458878850E-003
   378.000000000000       0.846236465697545     
   379.000000000000       0.905565574993298     
   380.000000000000       0.132321870869828     
   381.000000000000      -0.762577951097788     
   382.000000000000      -0.956367121634502     
   383.000000000000      -0.270876771053405     
   384.000000000000       0.663656433621960     
   385.000000000000       0.988026973833747     
   386.000000000000       0.404010070822628     
   387.000000000000      -0.551451828114915     
   388.000000000000      -0.999911459434006     
   389.000000000000      -0.529057106277426     
   390.000000000000       0.428209910518769     
   391.000000000000       0.991782710375187     
   392.000000000000       0.643515060152966     
   393.000000000000      -0.296397368652143     
   394.000000000000      -0.963803423624970     
   395.000000000000      -0.745093055724214     
   396.000000000000       0.158652431436708     
   397.000000000000       0.916533604797894     
   398.000000000000       0.831758008719173     
   399.000000000000      -1.773206472737086E-002
   400.000000000000      -0.850919359639177     
   401.000000000000      -0.901775319514405     
   402.000000000000      -0.123543209378046     
   403.000000000000       0.768273957711787     
   404.000000000000       0.953743591158287     
   405.000000000000       0.262345765307778     
   406.000000000000      -0.670251547297218     
   407.000000000000      -0.986622678340529     
   408.000000000000      -0.395897468961158     
   409.000000000000       0.558814047606382     
   410.000000000000       0.999754505907631     
   411.000000000000       0.521525282081529     
   412.000000000000      -0.436191880953266     
   413.000000000000      -0.992876240241551     
   414.000000000000      -0.636714763135132     
   415.000000000000       0.304839330837155     
   416.000000000000       0.966125549876362     
   417.000000000000       0.739160393875491     
   418.000000000000      -0.167385419441701     
   419.000000000000      -0.920037850061606     
   420.000000000000      -0.826811724306801     
   421.000000000000       2.658128773805108E-002
   422.000000000000       0.855535586422428     
   423.000000000000       0.897914412454527     
   424.000000000000       0.114754868620406     
   425.000000000000      -0.773909772204126     
   426.000000000000      -0.951045337531958     
   427.000000000000      -0.253794205503194     
   428.000000000000       0.676794148633261     
   429.000000000000       0.985141083712425     
   430.000000000000       0.387753849637261     
   431.000000000000      -0.566132485575905     
   432.000000000000      -0.999519224404306     
   433.000000000000      -0.513952597834458     
   434.000000000000       0.444139676970550     
   435.000000000000       0.993891981023895     
   436.000000000000       0.629864581291579     
   437.000000000000      -0.313257409710875     
   438.000000000000      -0.968371982885711     
   439.000000000000      -0.733169820871630     
   440.000000000000       0.176105293265966     
   441.000000000000       0.923470012926003     
   442.000000000000       0.821800661502034     
   443.000000000000      -3.542842817897952E-002
   444.000000000000      -0.860084784378807     
   445.000000000000      -0.893983156304963     
   446.000000000000      -0.105957537138891     
   447.000000000000       0.779484953024459     
   448.000000000000       0.948272572156159     
   449.000000000000       0.245222761630510     
   450.000000000000      -0.683283725035524     
   451.000000000000      -0.983582306028240     
   452.000000000000      -0.379579850880797     
   453.000000000000       0.573406568644281     
   454.000000000000       0.999205633357683     
   455.000000000000       0.506339646834901     
   456.000000000000      -0.452052675882970     
   457.000000000000      -0.994829853141764     
   458.000000000000      -0.622965051314946     
   459.000000000000       0.321650945740306     
   460.000000000000       0.970542546651256     
   461.000000000000       0.727121806057315     
   462.000000000000      -0.184811369731709     
   463.000000000000      -0.926829824490698     
   464.000000000000      -0.816725212907666     
   465.000000000000       4.427279290137974E-002
   466.000000000000       0.864566597091342     
   467.000000000000       0.889981859068666     
   468.000000000000       9.715190417988626E-002
   469.000000000000      -0.784999063372920     
   470.000000000000      -0.945425512269324     
   471.000000000000      -0.236632105238445     
   472.000000000000       0.689719768063795     
   473.000000000000       0.981946467413859     
   474.000000000000       0.371376113101770     
   475.000000000000      -0.580635726907393     
   476.000000000000      -0.998813757336745     
   477.000000000000      -0.498687025536335     
   478.000000000000       0.459930257729134     
   479.000000000000       0.995689783115493     
   480.000000000000       0.616016713764164     
   481.000000000000      -0.330019281315310     
   482.000000000000      -0.972637071115380     
   483.000000000000      -0.721016823277637     
   484.000000000000       0.193502966742123     
   485.000000000000       0.930117021523828     
   486.000000000000       0.811585776170937     
   487.000000000000      -5.311368897394510E-002
   488.000000000000      -0.868980673422509     
   489.000000000000      -0.885910834236115     
   490.000000000000      -8.833865964017233E-002
   491.000000000000       0.790451671234344     
   492.000000000000       0.942504380930653     
   493.000000000000       0.228022909380968     
   494.000000000000      -0.696101773472056     
   495.000000000000      -0.980233696032674     
   496.000000000000      -0.363143279040150     
   497.000000000000       0.587819393980854     
   498.000000000000       0.998343627043885     
   499.000000000000       0.490995333500293     
   500.000000000000      -0.467771805322476     
   501.000000000000      -0.996471703571966     
   502.000000000000      -0.609020113022097     
   503.000000000000       0.338361760800138     
   504.000000000000       0.974655392177934     
   505.000000000000       0.714855350840970     
   506.000000000000      -0.202179403334826     
   507.000000000000      -0.933331346482672     
   508.000000000000      -0.806382753952380     
   509.000000000000       6.195042373712800E-002
   510.000000000000       0.873326667541738     
   511.000000000000       0.881770400760750     
   512.000000000000       7.951849401287635E-002
   513.000000000000      -0.795842349412112     
   514.000000000000      -0.939509407002640     
   515.000000000000      -0.219395848564558     
   516.000000000000       0.702429241247985     
   517.000000000000       0.978444126075546     
   518.000000000000       0.354881993715524     
   519.000000000000      -0.594957007044385     
   520.000000000000      -0.997795279312501     
   521.000000000000      -0.483265173349392     
   522.000000000000       0.475576704299615     
   523.000000000000       0.997175553249897     
   524.000000000000       0.601975797252900     
   525.000000000000      -0.346677730584790     
   526.000000000000      -0.976597351709091     
   527.000000000000      -0.708637871481491     
   528.000000000000       0.210839999735211     
   529.000000000000       0.936472547533836     
   530.000000000000       0.801116553894274     
   531.000000000000      -7.078230485740782E-002
   532.000000000000      -0.877604238952512     
   533.000000000000      -0.877560883033985     
   534.000000000000      -7.069209833337335E-002
   535.000000000000       0.801170675561627     
   536.000000000000       0.936440825133138     
   537.000000000000       0.210751598695369     
   538.000000000000      -0.708701675652129     
   539.000000000000      -0.976577897750288     
   540.000000000000      -0.346592904376553     
   541.000000000000       0.602048006885914     
   542.000000000000       0.997168757104107     
   543.000000000000       0.475497150720118     
   544.000000000000      -0.483344343168486     
   545.000000000000      -0.997801277004627     
   546.000000000000      -0.594884318359063     
   547.000000000000       0.354966539136231     
   548.000000000000       0.978462797561741     
   549.000000000000       0.702364872321367     
   550.000000000000      -0.219484077409708     
   551.000000000000      -0.939540378572980     
   552.000000000000      -0.795787588588704     
   553.000000000000       7.960864038153330E-002
   554.000000000000       0.881813052519044     
   555.000000000000       0.873282610859792     
   556.000000000000       6.186016412514558E-002
   557.000000000000      -0.806436232223397     
   558.000000000000      -0.933298875736977     
   559.000000000000      -0.202090837026266     
   560.000000000000       0.714918585256750     
   561.000000000000       0.974635157270686     
   562.000000000000       0.338276660450267     
   563.000000000000      -0.609091837945379     
   564.000000000000      -0.996464109504971     
   565.000000000000      -0.467691874215377     
   566.000000000000       0.491074113356250     
   567.000000000000       0.998348825812446     
   568.000000000000       0.587746231938178     
   569.000000000000      -0.363227537049430     
   570.000000000000      -0.980251583583402     
   571.000000000000      -0.696036844832586     
   572.000000000000       0.228110959118941     
   573.000000000000       0.942534599244099     
   574.000000000000       0.790396275545238     
   575.000000000000      -8.842873879073523E-002
   576.000000000000      -0.885952778492530     
   577.000000000000      -0.868935919428863     
   578.000000000000      -5.302338334560357E-002
   579.000000000000       0.811638606855743     
   580.000000000000       0.930083804977129     
   581.000000000000       0.193414242103768     
   582.000000000000      -0.721079482984319     
   583.000000000000      -0.972616056845036     
   584.000000000000      -0.329933913491182     
   585.000000000000       0.616087948358266     
   586.000000000000       0.995681391722267     
   587.000000000000       0.459849955356812     
   588.000000000000      -0.498765409256973     
   589.000000000000      -0.998818156774430     
   590.000000000000      -0.580562097239406     
   591.000000000000       0.371460077098241     
   592.000000000000       0.981963569627680     
   593.000000000000       0.689654284798449     
   594.000000000000      -0.236719968970791     
   595.000000000000      -0.945454974958354     
   596.000000000000      -0.784943037158215     
   597.000000000000       9.724190905490493E-002
   598.000000000000       0.890023092536986     
   599.000000000000       0.864521149292347     
   600.000000000000       4.418244833187319E-002
   601.000000000000      -0.816777391867125     
   602.000000000000      -0.926795864745419     
   603.000000000000      -0.184722493714888     
   604.000000000000       0.727183886145685     
   605.000000000000       0.970520754664225     
   606.000000000000       0.321565317130250     
   607.000000000000      -0.623035789998837     
   608.000000000000      -0.994820665079750     
   609.000000000000      -0.451972008536893     
   610.000000000000       0.506417628279074     
   611.000000000000       0.999209233119809     
   612.000000000000       0.573332477119663     
   613.000000000000      -0.379663514286117     
   614.000000000000      -0.983598621565243     
   615.000000000000      -0.683217692274733     
   616.000000000000       0.245310432473349     
   617.000000000000       0.948301276912455     
   618.000000000000       0.779428300673652     
   619.000000000000      -0.106047460686735     
   620.000000000000      -0.894023675754659     
   621.000000000000      -0.860038646335171     
   622.000000000000      -3.533805174655298E-002
   623.000000000000       0.821852184648070     
   624.000000000000       0.923435312642794     
   625.000000000000       0.176016272833866     
   626.000000000000      -0.733231316477887     
   627.000000000000      -0.968349414889334     
   628.000000000000      -0.313171527023655     
   629.000000000000       0.629934818523080     
   630.000000000000       0.993881997012951     
   631.000000000000       0.444058650970779     
   632.000000000000      -0.514030170892537     
   633.000000000000      -0.999522024208842     
   634.000000000000      -0.566057937999519     
   635.000000000000       0.387837205896633     
   636.000000000000       0.985156611294333     
   637.000000000000       0.676727571550509     
   638.000000000000      -0.253881676587761     
   639.000000000000      -0.951073282106581     
   640.000000000000      -0.773852498155771     
   641.000000000000       0.114844703795815     
   642.000000000000       0.897954214711015     
   643.000000000000       0.855488761748938     
   644.000000000000       2.649088652344594E-002
   645.000000000000      -0.826862587602720     
   646.000000000000      -0.920002411959138     
   647.000000000000      -0.167296261568825     
   648.000000000000       0.739221300181626     
   649.000000000000       0.966102207638780     
   650.000000000000       0.304753200801439     
   651.000000000000      -0.636784493411352     
   652.000000000000      -0.992865461063897     
   653.000000000000      -0.436110502647962     
   654.000000000000       0.521602440675882     
   655.000000000000       0.999756505535219     
   656.000000000000       0.558739049818823     
   657.000000000000      -0.395980511543852     
   658.000000000000      -0.986637416750801     
   659.000000000000      -0.670184431108633     
   660.000000000000       0.262433029780957     
   661.000000000000       0.953770773361859     
   662.000000000000       0.768216066453146     
   663.000000000000      -0.123632949142686     
   664.000000000000      -0.901814401459289     
   665.000000000000      -0.850871852004414     
   666.000000000000      -1.764164581327013E-002
   667.000000000000       0.831808208179977     
   668.000000000000       0.916497431652644     
   669.000000000000       0.158563143108326     
   670.000000000000      -0.745153367958387     
   671.000000000000      -0.963779308974980     
   672.000000000000      -0.296310998015981     
   673.000000000000       0.643584278010732     
   674.000000000000       0.991771136875341     
   675.000000000000       0.428128186283695     
   676.000000000000      -0.529133844362892     
   677.000000000000      -0.999912658727982     
   678.000000000000      -0.551376385992051     
   679.000000000000       0.404092793222490     
   680.000000000000       0.988040921917668     
   681.000000000000       0.663588783585907     
   682.000000000000      -0.270963822078268     
   683.000000000000      -0.956393539337373     
   684.000000000000      -0.762519447164479     
   685.000000000000       0.132411508192838     
   686.000000000000       0.905603933564616     
   687.000000000000       0.846188278823602     
   688.000000000000       8.791022929352243E-003
   689.000000000000      -0.836688658904264     
   690.000000000000      -0.912920646328743     
   691.000000000000      -0.149817601667840     
   692.000000000000       0.751027055047206     
   693.000000000000       0.961380900890567     
   694.000000000000       0.287845580090321     
   695.000000000000      -0.650333639577063     
   696.000000000000      -0.990599110184534     
   697.000000000000      -0.420112327270199     
   698.000000000000       0.536623791889095     
   699.000000000000       0.999990471552965     
   700.000000000000       0.543970523363376     
   701.000000000000      -0.412173415357904     
   702.000000000000      -0.989367016834220     
   703.000000000000      -0.656941145732919     
   704.000000000000       0.279473385115912     
   705.000000000000       0.958941374546723     
   706.000000000000       0.756763086604003     
   707.000000000000      -0.141179693170655     
   708.000000000000      -0.909322514127726     
   709.000000000000      -0.841438409151394     
   710.000000000000       6.028870669158526E-005
   711.000000000000       0.841503557405881     
   712.000000000000       0.909272336218588     
   713.000000000000       0.141060322436146     
   714.000000000000      -0.756841901261082     
   715.000000000000      -0.958907171294125     
   716.000000000000      -0.279357610266340     
   717.000000000000       0.657032049316691     
   718.000000000000       0.989349472816496     
   719.000000000000       0.412063553627671     
   720.000000000000      -0.544071696437995     
   721.000000000000      -0.999989937913749     
   722.000000000000      -0.536522042161478     
   723.000000000000       0.420221744855890     
   724.000000000000       0.990615597604618     
   725.000000000000       0.650242038373552     
   726.000000000000      -0.287961052193360     
   727.000000000000      -0.961414079374128     
   728.000000000000      -0.750947435766512     
   729.000000000000       0.149936817113301     
   730.000000000000       0.912969851808205     
   731.000000000000       0.836622615126832     
   732.000000000000      -8.911595619283405E-003
   733.000000000000      -0.846252526450958     
   734.000000000000      -0.905552787157100     
   735.000000000000      -0.132291991521645     
   736.000000000000       0.762597451023033     
   737.000000000000       0.956358313995467     
   738.000000000000       0.270847753552801     
   739.000000000000      -0.663678982427899     
   740.000000000000      -0.988022322676830     
   741.000000000000      -0.403982495955073     
   742.000000000000       0.551476974487044     
   743.000000000000       0.999911057852144     
   744.000000000000       0.529031525954084     
   745.000000000000      -0.428237151152279     
   746.000000000000      -0.991786566406044     
   747.000000000000      -0.643491986364181     
   748.000000000000       0.296426158325571     
   749.000000000000       0.963811460090061     
   750.000000000000       0.745072950292026     
   751.000000000000      -0.158682193924542     
   752.000000000000      -0.916545660847317     
   753.000000000000      -0.831741274053945     
   754.000000000000       1.776220433321534E-002
   755.000000000000       0.850935193971019     
   756.000000000000       0.901762290560574     
   757.000000000000       0.123513295898607     
   758.000000000000      -0.768293253401791     
   759.000000000000      -0.953734528690453     
   760.000000000000      -0.262316676673239     
   761.000000000000       0.670273918142016     
   762.000000000000       0.986617763744047     
   763.000000000000       0.395869787380736     
   764.000000000000      -0.558839045853363     
   765.000000000000      -0.999753837548182     
   766.000000000000      -0.521499561602246     
   767.000000000000       0.436219006262347     
   768.000000000000       0.992879831496356     
   769.000000000000       0.636691518552554     
   770.000000000000      -0.304868040295090     
   771.000000000000      -0.966133328866431     
   772.000000000000      -0.739140090430098     
   773.000000000000       0.167415138428496     
   774.000000000000       0.920049661090399     
   775.000000000000       0.826794768372190     
   776.000000000000      -2.661142142798142E-002
   777.000000000000      -0.855551193092124     
   778.000000000000      -0.897901143403844     
   779.000000000000      -0.114724923353348     
   780.000000000000       0.773928862147125     
   781.000000000000       0.951036020945343     
   782.000000000000       0.253765048013733     
   783.000000000000      -0.676816339764224     
   784.000000000000      -0.985135906061422     
   785.000000000000      -0.387726063512747     
   786.000000000000       0.566157333739194     
   787.000000000000       0.999518289319636     
   788.000000000000       0.513926739214361     
   789.000000000000      -0.444166684830009     
   790.000000000000      -0.993895307221284     
   791.000000000000      -0.629841167736356     
   792.000000000000       0.313286036704014     
   793.000000000000       0.968379503791295     
   794.000000000000       0.733149321003750     
   795.000000000000      -0.176134966423321     
   796.000000000000      -0.923481578008805     
   797.000000000000      -0.821783485626490     
   798.000000000000       3.545855359210518E-002
   799.000000000000       0.860100162163617     
   800.000000000000       0.893969648197021     
   801.000000000000       0.105927562430343     
   802.000000000000      -0.779503835724810     
   803.000000000000      -0.948263002180692     
   804.000000000000      -0.245193537570536     
   805.000000000000       0.683305734714038     
   806.000000000000       0.983576865728372     
   807.000000000000       0.379551962389156     
   808.000000000000      -0.573431264777095     
   809.000000000000      -0.999204431621053     
   810.000000000000      -0.506313652099942     
   811.000000000000       0.452079564176817     
   812.000000000000       0.994832914021138     
   813.000000000000       0.622941470621466     
   814.000000000000      -0.321679488025802     
   815.000000000000      -0.970549808883113     
   816.000000000000      -0.727101111373055     
   817.000000000000       0.184840994734816     
   818.000000000000       0.926841142721418     
   819.000000000000       0.816707818436872     
   820.000000000000      -4.430290767745863E-002
   821.000000000000      -0.864581744786460     
   822.000000000000      -0.889968112961789     
   823.000000000000      -9.712190237828329E-002
   824.000000000000       0.785017737351215     
   825.000000000000       0.945415689654786     
   826.000000000000       0.236602816897581     
   827.000000000000      -0.689741594565465     
   828.000000000000      -0.981940764891358     
   829.000000000000      -0.371348124427986     
   830.000000000000       0.580660269074858     
   831.000000000000       0.998812289042307     
   832.000000000000       0.498660896723128     
   833.000000000000      -0.459957024350746     
   834.000000000000      -0.995692578437041     
   835.000000000000      -0.615992967779907     
   836.000000000000       0.330047736656955     
   837.000000000000       0.972644074104534     
   838.000000000000       0.720995935398368     
   839.000000000000      -0.193532541269945     
   840.000000000000      -0.930128092015713     
   841.000000000000      -0.811568164467700     
   842.000000000000       5.314379075356850E-002
   843.000000000000       0.868995589841154     
   844.000000000000       0.885896851207271     
   845.000000000000       8.830863309607147E-002
   846.000000000000      -0.790470135027529     
   847.000000000000      -0.942494306446619     
   848.000000000000      -0.227993559053874     
   849.000000000000       0.696123415086836     
   850.000000000000       0.980227731734316     
   851.000000000000       0.363115192377059     
   852.000000000000      -0.587843780260160     
   853.000000000000      -0.998341892306676     
   854.000000000000      -0.490969072655958     
   855.000000000000       0.467798448174763     
   856.000000000000       0.996474233116682     
   857.000000000000       0.608996203607496     
   858.000000000000      -0.338390126968536     
   859.000000000000      -0.974662135375721     
   860.000000000000      -0.714834271403198     
   861.000000000000       0.202208925070282     
   862.000000000000       0.933342168368380     
   863.000000000000       0.806364926396529     
   864.000000000000      -6.198051016190544E-002
   865.000000000000      -0.873341351515251     
   866.000000000000      -0.881756181905470     
   867.000000000000      -7.948844507877358E-002
   868.000000000000       0.795860601573602     
   869.000000000000       0.939499081438417     
   870.000000000000       0.219366438550750     
   871.000000000000      -0.702450696280313     
   872.000000000000      -0.978437900468617     
   873.000000000000      -0.354853811263637     
   874.000000000000       0.594981235524936     
   875.000000000000       0.997793278268432     
   876.000000000000       0.483238782531393     
   877.000000000000      -0.475603221295184     
   878.000000000000      -0.997177816819599     
   879.000000000000      -0.601951726281190     
   880.000000000000       0.346706005357531     
   881.000000000000       0.976603834587201     
   882.000000000000       0.708616602136733     
   883.000000000000      -0.210869466365355     
   884.000000000000      -0.936483119965504     
   885.000000000000      -0.801098511882548     
   886.000000000000       7.081237357015184E-002
   887.000000000000       0.877618689330446     
   888.000000000000       0.877546429466277     
   889.000000000000       7.066202936351883E-002
   890.000000000000      -0.801188714661415     
   891.000000000000      -0.936430249297705     
   892.000000000000      -0.210722131299040     
   893.000000000000       0.708722942421065     
   894.000000000000       0.976571411322549     
   895.000000000000       0.346564628343888     
   896.000000000000      -0.602072075669474     
   897.000000000000      -0.997166489909955     
   898.000000000000      -0.475470631996102     
   899.000000000000       0.483370732229804     
   900.000000000000       0.997803274421970     
   901.000000000000       0.594860087716138     
   902.000000000000      -0.354994720298064     
   903.000000000000      -0.978469019612257     
   904.000000000000      -0.702343414736016     
   905.000000000000       0.219513486625911     
   906.000000000000       0.939550700722286     
   907.000000000000       0.795769333534644     
   908.000000000000      -7.963868902644415E-002
   909.000000000000      -0.881827268169251     
   910.000000000000      -0.873267923712053     
   911.000000000000      -6.183007747535922E-002
   912.000000000000       0.806454056848169     
   913.000000000000       0.933288050458922     
   914.000000000000       0.202061314556104     
   915.000000000000      -0.714939662096101     
   916.000000000000      -0.974628410530328     
   917.000000000000      -0.338248293052171     
   918.000000000000       0.609115745146227     
   919.000000000000       0.996461576338365     
   920.000000000000       0.467665229663012     
   921.000000000000      -0.491100372415807     
   922.000000000000      -0.998350556920938     
   923.000000000000      -0.587721843522441     
   924.000000000000       0.363255622392440     
   925.000000000000       0.980257544318844     
   926.000000000000       0.696015200687783     
   927.000000000000      -0.228140308617074     
   928.000000000000      -0.942544670302331     
   929.000000000000      -0.790377808879076     
   930.000000000000       8.845876501358538E-002
   931.000000000000       0.885966758301253     
   932.000000000000       0.868920999851790     
   933.000000000000       5.299328137309047E-002
   934.000000000000      -0.811656215608990     
   935.000000000000      -0.930072731104581     
   936.000000000000      -0.193384666872777     
   937.000000000000       0.721100368242774     
   938.000000000000       0.972609050320648     
   939.000000000000       0.329905456950161     
   940.000000000000      -0.616111692103339     
   941.000000000000      -0.995678592781672     
   942.000000000000      -0.459823187063625     
   943.000000000000       0.498791536257446     
   944.000000000000       0.998819621438444     
   945.000000000000       0.580537552961622     
   946.000000000000      -0.371488064422021     
   947.000000000000      -0.981969268581042     
   948.000000000000      -0.689632455789954     
   949.000000000000       0.236749256451402     
   950.000000000000       0.945464794136474     
   951.000000000000       0.784924360326764     
   952.000000000000      -9.727191050322355E-002
   953.000000000000      -0.890036835408946     
   954.000000000000      -0.864505998454847     
   955.000000000000      -4.415233339503893E-002
   956.000000000000       0.816794783369250     
   957.000000000000       0.926784543145986     
   958.000000000000       0.184692868040203     
   959.000000000000      -0.727204578186943     
   960.000000000000      -0.970513488904749     
   961.000000000000      -0.321536773675796     
   962.000000000000       0.623059368427880     
   963.000000000000       0.994817600584456     
   964.000000000000       0.451945118600104     
   965.000000000000      -0.506443621173485     
   966.000000000000      -0.999210431224592     
   967.000000000000      -0.573307778902806     
   968.000000000000       0.379691401397937     
   969.000000000000       0.983604058290028     
   970.000000000000       0.683195680112787     
   971.000000000000      -0.245339655641845     
   972.000000000000      -0.948310843441156     
   973.000000000000      -0.779409415140189     
   974.000000000000       0.106077435009992     
   975.000000000000       0.894037180613142     
   976.000000000000       0.860023265424270     
   977.000000000000       3.530792620481886E-002
   978.000000000000      -0.821869357536498     
   979.000000000000      -0.923423744203492     
   980.000000000000      -0.175986599036578     
   981.000000000000       0.733251813680783     
   982.000000000000       0.968341890464023     
   983.000000000000       0.313142898892067     
   984.000000000000      -0.629958229788787     
   985.000000000000      -0.993878667203054     
   986.000000000000      -0.444031641497139     
   987.000000000000       0.514056027644415     
   988.000000000000       0.999522955660526     
   989.000000000000       0.566033087778627     
   990.000000000000      -0.387864990611616     
   991.000000000000      -0.985161785364588     
   992.000000000000      -0.676705377959704     
   993.000000000000       0.253910833154589     
   994.000000000000       0.951082595236354     
   995.000000000000       0.773833405399924     
   996.000000000000      -0.114874648645606     
   997.000000000000      -0.897967480497951     
   998.000000000000      -0.855473151969687     
   999.000000000000      -2.646075273706413E-002
   1000.00000000000       0.826879540532003     
   1001.00000000000       0.919990597586322     
   1002.00000000000       0.167266541973793     
   1003.00000000000      -0.739241600940262     
   1004.00000000000      -0.966094425137150     
   1005.00000000000      -0.304724490235652     
   1006.00000000000       0.636807735679517     
   1007.00000000000       0.992861866200276     
   1008.00000000000       0.436083375753590     
   1009.00000000000      -0.521628159259422     
   1010.00000000000      -0.999757170260828     
   1011.00000000000      -0.558714049540841     
   1012.00000000000       0.396008191685143     
   1013.00000000000       0.986642327761151     
   1014.00000000000       0.670162057827775     
   1015.00000000000      -0.262462117461782     
   1016.00000000000      -0.953779832363046     
   1017.00000000000      -0.768196767970780     
   1018.00000000000       0.123662862172916     
   1019.00000000000       0.901827427135341     
   1020.00000000000       0.850856014579797     
   1021.00000000000       1.761150614313874E-002
   1022.00000000000      -0.831824939821900     
   1023.00000000000      -0.916485372271937     
   1024.00000000000      -0.158533380043996     
   1025.00000000000       0.745173470682254     
   1026.00000000000       0.963771269006769     
   1027.00000000000       0.296282207265387     
   1028.00000000000      -0.643607349460388     
   1029.00000000000      -0.991767277239646     
   1030.00000000000      -0.428100944093906     
   1031.00000000000       0.529159422763116     
   1032.00000000000       0.999913056675436     
   1033.00000000000       0.551351237615681     
   1034.00000000000      -0.404120366621427     
   1035.00000000000      -0.988045569483350     
   1036.00000000000      -0.663566232367880     
   1037.00000000000       0.270992838594151     
   1038.00000000000       0.956402343500225     
   1039.00000000000       0.762499944467577     
   1040.00000000000      -0.132441387059904     
   1041.00000000000      -0.905616718109259     
   1042.00000000000      -0.846172214994436     
   1043.00000000000      -8.760879736830363E-003
   1044.00000000000       0.836705167947950     
   1045.00000000000       0.912908342884963     
   1046.00000000000       0.149787797466066     
   1047.00000000000      -0.751046958161312     
   1048.00000000000      -0.961372604085685     
   1049.00000000000      -0.287816711410595     
   1050.00000000000       0.650356538400626     
   1051.00000000000       0.990594986079154     
   1052.00000000000       0.420084971919343     
   1053.00000000000      -0.536649228102006     
   1054.00000000000      -0.999990602691086     
   1055.00000000000      -0.543945228858923     
   1056.00000000000       0.412200879854188     
   1057.00000000000       0.989371400591110     
   1058.00000000000       0.656918418344548     
   1059.00000000000      -0.279502328193490     
   1060.00000000000      -0.958949923181460     
   1061.00000000000      -0.756743381220547     
   1062.00000000000       0.141209535533632     
   1063.00000000000       0.909335056539327     
   1064.00000000000       0.841422120176236     
   1065.00000000000      -9.043305996889882E-005
   1066.00000000000      -0.841519842557891     
   1067.00000000000      -0.909259789675676     
   1068.00000000000      -0.141030479432004     
   1069.00000000000       0.756861603206074     
   1070.00000000000       0.958898618302602     
   1071.00000000000       0.279328665919264     
   1072.00000000000      -0.657054773720103     
   1073.00000000000      -0.989345084564545     
   1074.00000000000      -0.412036087258963     
   1075.00000000000       0.544096988470737     
   1076.00000000000       0.999989802232263     
   1077.00000000000       0.536496603510696     
   1078.00000000000      -0.420249098297754     
   1079.00000000000      -0.990619717209262     
   1080.00000000000      -0.650219136595464     
   1081.00000000000       0.287989919565023     
   1082.00000000000       0.961422371810987     
   1083.00000000000       0.750927529240362     
   1084.00000000000      -0.149966620634122     
   1085.00000000000      -0.912982151104100     
   1086.00000000000      -0.836606102281877     
   1087.00000000000       8.941738771590156E-003
   1088.00000000000       0.846268586435398     
   1089.00000000000       0.905539998498043     
   1090.00000000000       0.132262112053251     
   1091.00000000000      -0.762616950255320     
   1092.00000000000      -0.956349505487406     
   1093.00000000000      -0.270818735806082     
   1094.00000000000       0.663701530630765     
   1095.00000000000       0.988017670622114     
   1096.00000000000       0.403954920720428     
   1097.00000000000      -0.551502120358057     
   1098.00000000000      -0.999910655361681     
   1099.00000000000      -0.529005945150021     
   1100.00000000000       0.428264391396659     
   1101.00000000000       0.991790421535681     
   1102.00000000000       0.643468911990667     
   1103.00000000000      -0.296454947729641     
   1104.00000000000      -0.963819495679354     
   1105.00000000000      -0.745052844182805     
   1106.00000000000       0.158711956268184     
   1107.00000000000       0.916557716063891     
   1108.00000000000       0.831724538632928     
   1109.00000000000      -1.779234392291962E-002
   1110.00000000000      -0.850951027529633     
   1111.00000000000      -0.901749260787327     
   1112.00000000000      -0.123483382306934     
   1113.00000000000       0.768312548393660     
   1114.00000000000       0.953725465355977     
   1115.00000000000       0.262287587800337     
   1116.00000000000      -0.670296288377748     
   1117.00000000000      -0.986612848251043     
   1118.00000000000      -0.395842105440595     
   1119.00000000000       0.558864043592537     
   1120.00000000000       0.999753168280276     
   1121.00000000000       0.521473840649085     
   1122.00000000000      -0.436246131175044     
   1123.00000000000      -0.992883421848948     
   1124.00000000000      -0.636668273391427     
   1125.00000000000       0.304896749475998     
   1126.00000000000       0.966141106978591     
   1127.00000000000       0.739119786313062     
   1128.00000000000      -0.167444857263163     
   1129.00000000000      -0.920061471283159     
   1130.00000000000      -0.826777811686285     
   1131.00000000000       2.664155509373045E-002
   1132.00000000000       0.855566798984396     
   1133.00000000000       0.897887873537255     
   1134.00000000000       0.114694977982042     
   1135.00000000000      -0.773947951386869     
   1136.00000000000      -0.951026703494538     
   1137.00000000000      -0.253735890293681     
   1138.00000000000       0.676838530280176     
   1139.00000000000       0.985130727515245     
   1140.00000000000       0.387698277035913     
   1141.00000000000      -0.566182181388027     
   1142.00000000000      -0.999517353326722     
   1143.00000000000      -0.513900880127269     
   1144.00000000000       0.444193692285862     
   1145.00000000000       0.993898632515538     
   1146.00000000000       0.629817753608809     
   1147.00000000000      -0.313314663412475     
   1148.00000000000      -0.968387023816929     
   1149.00000000000      -0.733128820469670     
   1150.00000000000       0.176164639420626     
   1151.00000000000       0.923493142252456     
   1152.00000000000       0.821766309004207     
   1153.00000000000      -3.548867897301029E-002
   1154.00000000000      -0.860115539166870     
   1155.00000000000      -0.893956139276746     
   1156.00000000000      -0.105897587625541     
   1157.00000000000       0.779522717716839     
   1158.00000000000       0.948253431343556     
   1159.00000000000       0.245164313287759     
   1160.00000000000      -0.683327743771646     
   1161.00000000000      -0.983571424534746     
   1162.00000000000      -0.379524073552622     
   1163.00000000000       0.573455960388843     
   1164.00000000000       0.999203228976463     
   1165.00000000000       0.506287656904905     
   1166.00000000000      -0.452106452059868     
   1167.00000000000      -0.994835973996525     
   1168.00000000000      -0.622917889361930     
   1169.00000000000       0.321708030018994     
   1170.00000000000       0.970557070233048     
   1171.00000000000       0.727080416028091     
   1172.00000000000      -0.184870619569961     
   1173.00000000000      -0.926852460109934     
   1174.00000000000      -0.816690423223949     
   1175.00000000000       4.433302241328026E-002
   1176.00000000000       0.864596891695948     
   1177.00000000000       0.889954366046213     
   1178.00000000000       9.709190048842740E-002
   1179.00000000000      -0.785036410616179     
   1180.00000000000      -0.945405866181166     
   1181.00000000000      -0.236573528341721     
   1182.00000000000       0.689763420440379     
   1183.00000000000       0.981935061476585     
   1184.00000000000       0.371320135416765     
   1185.00000000000      -0.580684810714688     
   1186.00000000000      -0.998810819840266     
   1187.00000000000      -0.498634767456797     
   1188.00000000000       0.459983790554403     
   1189.00000000000       0.995695372853820     
   1190.00000000000       0.615969221235909     
   1191.00000000000      -0.330076191698692     
   1192.00000000000      -0.972651076209864     
   1193.00000000000      -0.720975046863943     
   1194.00000000000       0.193562115621908     
   1195.00000000000       0.930139161662407     
   1196.00000000000       0.811550552027006     
   1197.00000000000      -5.317389248490110E-002
   1198.00000000000      -0.869010505470159     
   1199.00000000000      -0.885882867373428     
   1200.00000000000      -8.827860647172615E-002
   1201.00000000000       0.790488598102429     
   1202.00000000000       0.942484231106157     
   1203.00000000000       0.227964208519606     
   1204.00000000000      -0.696145056069060     
   1205.00000000000      -0.980221766545243     
   1206.00000000000      -0.363087105384012     
   1207.00000000000       0.587868166005303     
   1208.00000000000       0.998340156662291     
   1209.00000000000       0.490942811365489     
   1210.00000000000      -0.467825090601970     
   1211.00000000000      -0.996476761755920     
   1212.00000000000      -0.608972293639511     
   1213.00000000000       0.338418492829445     
   1214.00000000000       0.974668877687850     
   1215.00000000000       0.714813191315870     
   1216.00000000000      -0.202238446621994     
   1217.00000000000      -0.933352989405978     
   1218.00000000000      -0.806347098107949     
   1219.00000000000       6.201059653036232E-002
   1220.00000000000       0.873356034695176     
   1221.00000000000       0.881741962248955     
   1222.00000000000       7.945839607244107E-002
   1223.00000000000      -0.795878853011907     
   1224.00000000000      -0.939488755020488     
   1225.00000000000      -0.219337028337608     
   1226.00000000000       0.702472150674338     
   1227.00000000000       0.978431673972600     
   1228.00000000000       0.354825628489302     
   1229.00000000000      -0.595005463464837     
   1230.00000000000      -0.997791276317687     
   1231.00000000000      -0.483212391274284     
   1232.00000000000       0.475629737858580     
   1233.00000000000       0.997180079483183     
   1234.00000000000       0.601927654762497     
   1235.00000000000      -0.346734279815226     
   1236.00000000000      -0.976610316577888     
   1237.00000000000      -0.708595332148068     
   1238.00000000000       0.210898932803885     
   1239.00000000000       0.936493691546206     
   1240.00000000000       0.801080469142877     
   1241.00000000000      -7.084244221854993E-002
   1242.00000000000      -0.877633138910903     
   1243.00000000000      -0.877531975101159     
   1244.00000000000      -7.063196032945498E-002
   1245.00000000000       0.801206753033176     
   1246.00000000000       0.936419672611355     
   1247.00000000000       0.210692663711231     
   1248.00000000000      -0.708744208545998     
   1249.00000000000      -0.976564924007416     
   1250.00000000000      -0.346536351996305     
   1251.00000000000       0.602096143905942     
   1252.00000000000       0.997164221809696     
   1253.00000000000       0.475444112840034     
   1254.00000000000      -0.483397120851891     
   1255.00000000000      -0.997805270932628     
   1256.00000000000      -0.594835856532674     
   1257.00000000000       0.355022901137320     
   1258.00000000000       0.978475240773655     
   1259.00000000000       0.702321956512458     
   1260.00000000000      -0.219542895642646     
   1261.00000000000      -0.939561022017839     
   1262.00000000000      -0.795751077757482     
   1263.00000000000       7.966873759898874E-002
   1264.00000000000       0.881841483018157     
   1265.00000000000       0.873253235770792     
   1266.00000000000       6.179999076938898E-002
   1267.00000000000      -0.806471880740130     
   1268.00000000000      -0.933277224332804     
   1269.00000000000      -0.202031791902333     
   1270.00000000000       0.714960738285800     
   1271.00000000000       0.974621662904343     
   1272.00000000000       0.338219925346715     
   1273.00000000000      -0.609139651793583     
   1274.00000000000      -0.996459042266292     
   1275.00000000000      -0.467638584685688     
   1276.00000000000       0.491126631029110     
   1277.00000000000       0.998352287122247     
   1278.00000000000       0.587697454572652     
   1279.00000000000      -0.363283707405367     
   1280.00000000000      -0.980263504163544     
   1281.00000000000      -0.695993555910525     
   1282.00000000000       0.228169657907899     
   1283.00000000000       0.942554740504090     
   1284.00000000000       0.790359341494712     
   1285.00000000000      -8.848879115605462E-002
   1286.00000000000      -0.885980737304914     
   1287.00000000000      -0.868906079485144     
   1288.00000000000      -5.296317935242333E-002
   1289.00000000000       0.811673823624700     
   1290.00000000000       0.930061656386893     
   1291.00000000000       0.193355091466060     
   1292.00000000000      -0.721121252845979     
   1293.00000000000      -0.972602042912468     
   1294.00000000000      -0.329877000109361     
   1295.00000000000       0.616135435288563     
   1296.00000000000       0.995675792936323     
   1297.00000000000       0.459796418352604     
   1298.00000000000      -0.498817662804675     
   1299.00000000000      -0.998821085194848     
   1300.00000000000      -0.580513008156313     
   1301.00000000000       0.371516051408236     
   1302.00000000000       0.981974966642106     
   1303.00000000000       0.689610626154803     
   1304.00000000000      -0.236778543716883     
   1305.00000000000      -0.945474612455466     
   1306.00000000000      -0.784905682782066     
   1307.00000000000       9.730191186315293E-002
   1308.00000000000       0.890050577472146     
   1309.00000000000       0.864490846831786     
   1310.00000000000       4.412221841808424E-002
   1311.00000000000      -0.816812174129169     
   1312.00000000000      -0.926773220704401     
   1313.00000000000      -0.184663242197692     
   1314.00000000000       0.727225269567402     
   1315.00000000000       0.970506222263386     
   1316.00000000000       0.321508229929167     
   1317.00000000000      -0.623082946290760     
   1318.00000000000      -0.994814535185190     
   1319.00000000000      -0.451918228252640     
   1320.00000000000       0.506469613607699     
   1321.00000000000       0.999211628421411     
   1322.00000000000       0.573283080164996     
   1323.00000000000      -0.379719288164738     
   1324.00000000000      -0.983609494121028     
   1325.00000000000      -0.683173667330034     
   1326.00000000000       0.245368878587406     
   1327.00000000000       0.948320409108145     
   1328.00000000000       0.779390528898490     
   1329.00000000000      -0.106107409236858     
   1330.00000000000      -0.894050684659228     
   1331.00000000000      -0.860007883731882     
   1332.00000000000      -3.527780063100106E-002
   1333.00000000000       0.821886529678109     
   1334.00000000000       0.923412174925092     
   1335.00000000000       0.175956925079373     
   1336.00000000000      -0.733272310217386     
   1337.00000000000      -0.968334365158796     
   1338.00000000000      -0.313114270475932     
   1339.00000000000       0.629981640482064     
   1340.00000000000       0.993875336490037     
   1341.00000000000       0.444004631620017     
   1342.00000000000      -0.514081883929179     
   1343.00000000000      -0.999523886203962     
   1344.00000000000      -0.566008237043391     
   1345.00000000000       0.387892774974153     
   1346.00000000000       0.985166958539643     
   1347.00000000000       0.676683183753989     
   1348.00000000000      -0.253939989490694     
   1349.00000000000      -0.951091907501896     
   1350.00000000000      -0.773814311940909     
   1351.00000000000       0.114904593391013     
   1352.00000000000       0.897980745468920     
   1353.00000000000       0.855457541413084     
   1354.00000000000       2.643061892663791E-002
   1355.00000000000      -0.826896492709915     
   1356.00000000000      -0.919978782377527     
   1357.00000000000      -0.167236822226767     
   1358.00000000000       0.739261901027161     
   1359.00000000000       0.966086641757647     
   1360.00000000000       0.304695779392967     
   1361.00000000000      -0.636830977369027     
   1362.00000000000      -0.992858270434460     
   1363.00000000000      -0.436056248462956     
   1364.00000000000       0.521653877368968     
   1365.00000000000       0.999757834077975     
   1366.00000000000       0.558689048755166     
   1367.00000000000      -0.396035871466588     
   1368.00000000000      -0.986647237874957     
   1369.00000000000      -0.670139683937952     
   1370.00000000000       0.262491204904113     
   1371.00000000000       0.953788890497550     
   1372.00000000000       0.768177468790368     
   1373.00000000000      -0.123692775090776     
   1374.00000000000      -0.901840451991919     
   1375.00000000000      -0.850840176382023     
   1376.00000000000      -1.758136645700410E-002
   1377.00000000000       0.831841670707958     
   1378.00000000000       0.916473312058436     
   1379.00000000000       0.158503616835609     
   1380.00000000000      -0.745193572728996     
   1381.00000000000      -0.963763228162797     
   1382.00000000000      -0.296253416245567     
   1383.00000000000       0.643630420325210     
   1384.00000000000       0.991763416702748     
   1385.00000000000       0.428073701515109     
   1386.00000000000      -0.529185000682502     
   1387.00000000000      -0.999913453714287     
   1388.00000000000      -0.551326088738307     
   1389.00000000000       0.404147939653147     
   1390.00000000000       0.988050216151213     
   1391.00000000000       0.663543680546882     
   1392.00000000000      -0.271021854863788     
   1393.00000000000      -0.956411146794012     
   1394.00000000000      -0.762480441077805     
   1395.00000000000       0.132471265806623     
   1396.00000000000       0.905629501830985     
   1397.00000000000       0.846156150396368     
   1398.00000000000       8.730736536347631E-003
   1399.00000000000      -0.836721676231337     
   1400.00000000000      -0.912896038611640     
   1401.00000000000      -0.149757993128182     
   1402.00000000000       0.751066860592956     
   1403.00000000000       0.961364306407220     
   1404.00000000000       0.287787842469335     
   1405.00000000000      -0.650379436633222     
   1406.00000000000      -0.990590861073639     
   1407.00000000000      -0.420057616186764     
   1408.00000000000       0.536674663827274     
   1409.00000000000       0.999990732920533     
   1410.00000000000       0.543919933860196     
   1411.00000000000      -0.412228343975913     
   1412.00000000000      -0.989375783448977     
   1413.00000000000      -0.656895690359246     
   1414.00000000000       0.279531271017088     
   1415.00000000000       0.958958470944816     
   1416.00000000000       0.756723675149451     
   1417.00000000000      -0.141239377768293     
   1418.00000000000      -0.909347598124631     
   1419.00000000000      -0.841405830436492     
   1420.00000000000       1.205774131640375E-004
   1421.00000000000       0.841536126945228     
   1422.00000000000       0.909247242306537     
   1423.00000000000       0.141000636299710     
   1424.00000000000      -0.756881304463320     
   1425.00000000000      -0.958890064439745     
   1426.00000000000      -0.279299721318366     
   1427.00000000000       0.657077497526461     
   1428.00000000000       0.989340695413593     
   1429.00000000000       0.412008620515846     
   1430.00000000000      -0.544122280009068     
   1431.00000000000      -0.999989665642103     
   1432.00000000000      -0.536471164372409     
   1433.00000000000       0.420276451357746     
   1434.00000000000       0.990623835913748     
   1435.00000000000       0.650196234226533     
   1436.00000000000      -0.288018786674994     
   1437.00000000000      -0.961430663374220     
   1438.00000000000      -0.750907622031858     
   1439.00000000000       0.149996424018671     
   1440.00000000000       0.912994449570384     
   1441.00000000000       0.836589588676712     
   1442.00000000000      -8.971881915771708E-003
   1443.00000000000      -0.846284645650849     
   1444.00000000000      -0.905527209016138     
   1445.00000000000      -0.132232232464672     
   1446.00000000000       0.762636448794630     
   1447.00000000000       0.956340696110328     
   1448.00000000000       0.270789717813275     
   1449.00000000000      -0.663724078230538     
   1450.00000000000      -0.988013017669605     
   1451.00000000000      -0.403927345118715     
   1452.00000000000       0.551527265727929     
   1453.00000000000       0.999910251962616     
   1454.00000000000       0.528980363865259     
   1455.00000000000      -0.428291631251882     
   1456.00000000000      -0.991794275764097     
   1457.00000000000      -0.643445837032444     
   1458.00000000000       0.296483736864327     
   1459.00000000000       0.963827530392842     
   1460.00000000000       0.745032737396567     
   1461.00000000000      -0.158741718467608     
   1462.00000000000      -0.916569770447605     
   1463.00000000000      -0.831707802456138     
   1464.00000000000       1.782248349645632E-002
   1465.00000000000       0.850966860315002     
   1466.00000000000       0.901736230194677     
   1467.00000000000       0.123453468603053     
   1468.00000000000      -0.768331842687378     
   1469.00000000000      -0.953716401154868     
   1470.00000000000      -0.262258498689100     
   1471.00000000000       0.670318658004394     
   1472.00000000000       0.986607931861521     
   1473.00000000000       0.395814423140759     
   1474.00000000000      -0.558889040823882     
   1475.00000000000      -0.999752498103912     
   1476.00000000000      -0.521448119222071     
   1477.00000000000       0.436273255691332     
   1478.00000000000       0.992887011299326     
   1479.00000000000       0.636645027651770     
   1480.00000000000      -0.304925458379852     
   1481.00000000000      -0.966148884212837     
   1482.00000000000      -0.739099481524401     
   1483.00000000000       0.167474575945676     
   1484.00000000000       0.920073280639876     
   1485.00000000000       0.826760854249102     
   1486.00000000000      -2.667168873527077E-002
   1487.00000000000      -0.855582404099230     
   1488.00000000000      -0.897874602854770     
   1489.00000000000      -0.114665032506515     
   1490.00000000000       0.773967039923340     
   1491.00000000000       0.951017385179553     
   1492.00000000000       0.253706732343063     
   1493.00000000000      -0.676860720181098     
   1494.00000000000      -0.985125548073896     
   1495.00000000000      -0.387670490206785     
   1496.00000000000       0.566207028522381     
   1497.00000000000       0.999516416425564     
   1498.00000000000       0.513875020573204     
   1499.00000000000      -0.444220699338085     
   1500.00000000000      -0.993901956906654     
   1501.00000000000      -0.629794338908958     
   1502.00000000000       0.313343289836232     
   1503.00000000000       0.968394542962608     
   1504.00000000000       0.733108319269408     
   1505.00000000000      -0.176194312257853     
   1506.00000000000      -0.923504705656946     
   1507.00000000000      -0.821749131635199     
   1508.00000000000       3.551880432166748E-002
   1509.00000000000       0.860130915388551     
   1510.00000000000       0.893942629544148     
   1511.00000000000       0.105867612724512     
   1512.00000000000      -0.779541599000530     
   1513.00000000000      -0.948243859644758     
   1514.00000000000      -0.245135088782205     
   1515.00000000000       0.683349752208325     
   1516.00000000000       0.983565982447365     
   1517.00000000000       0.379496184371222     
   1518.00000000000      -0.573480655479501     
   1519.00000000000      -0.999202025423916     
   1520.00000000000      -0.506261661249813     
   1521.00000000000       0.452133339532098     
   1522.00000000000       0.994839033067923     
   1523.00000000000       0.622894307536361     
   1524.00000000000      -0.321736571719855     
   1525.00000000000      -0.970564330701056     
   1526.00000000000      -0.727059720022442     
   1527.00000000000       0.184900244237118     
   1528.00000000000       0.926863776656235     
   1529.00000000000       0.816673027268915     
   1530.00000000000      -4.436313710881726E-002
   1531.00000000000      -0.864612037819792     
   1532.00000000000      -0.889940618321952     
   1533.00000000000      -9.706189851034586E-002
   1534.00000000000       0.785055083167794     
   1535.00000000000       0.945396041848472     
   1536.00000000000       0.236544239570890     
   1537.00000000000      -0.689785245688518     
   1538.00000000000      -0.981929357169545     
   1539.00000000000      -0.371292146068133     
   1540.00000000000       0.580709351826860     
   1541.00000000000       0.998809349730623     
   1542.00000000000       0.498608637737366     
   1543.00000000000      -0.460010556340082     
   1544.00000000000      -0.995698166365830     
   1545.00000000000      -0.615945474132191     
   1546.00000000000       0.330104646440495     
   1547.00000000000       0.972658077431364     
   1548.00000000000       0.720954157674380     
   1549.00000000000      -0.193591689797984     
   1550.00000000000      -0.930150230463901     
   1551.00000000000      -0.811532938848870     
   1552.00000000000       5.320399416791553E-002
   1553.00000000000       0.869025420309510     
   1554.00000000000       0.885868882734600     
   1555.00000000000       8.824857976716365E-002
   1556.00000000000      -0.790507060459026     
   1557.00000000000      -0.942474154909277     
   1558.00000000000      -0.227934857778191     
   1559.00000000000       0.696166696418710     
   1560.00000000000       0.980215800465460     
   1561.00000000000       0.363059018061035     
   1562.00000000000      -0.587892551216261     
   1563.00000000000      -0.998338420110733     
   1564.00000000000      -0.490916549628908     
   1565.00000000000       0.467851732604073     
   1566.00000000000       0.996479289489678     
   1567.00000000000       0.608948383118164     
   1568.00000000000      -0.338446858382839     
   1569.00000000000      -0.974675619114315     
   1570.00000000000      -0.714792110579004     
   1571.00000000000       0.202267967989935     
   1572.00000000000       0.933363809595454     
   1573.00000000000       0.806329269086655     
   1574.00000000000      -6.204068284247127E-002
   1575.00000000000      -0.873370717081497     
   1576.00000000000      -0.881727741791216     
   1577.00000000000      -7.942834699390615E-002
   1578.00000000000       0.795897103727011     
   1579.00000000000       0.939478427748863     
   1580.00000000000       0.219307617925159     
   1581.00000000000      -0.702493604430038     
   1582.00000000000      -0.978425446587500     
   1583.00000000000      -0.354797445392542     
   1584.00000000000       0.595029690864067     
   1585.00000000000       0.997789273460266     
   1586.00000000000       0.483185999578088     
   1587.00000000000      -0.475656253989780     
   1588.00000000000      -0.997182341240648     
   1589.00000000000      -0.601903582696844     
   1590.00000000000       0.346762553957849     
   1591.00000000000       0.976616797681146     
   1592.00000000000       0.708574061515514     
   1593.00000000000      -0.210928399050775     
   1594.00000000000      -0.936504262275933     
   1595.00000000000      -0.801062425675280     
   1596.00000000000       7.087251080257478E-002
   1597.00000000000       0.877647587693871     
   1598.00000000000       0.877517519938643     
   1599.00000000000       7.060189123120914E-002
   1600.00000000000      -0.801224790676895     
   1601.00000000000      -0.936409095074097     
   1602.00000000000      -0.210663195931970     
   1603.00000000000       0.708765474026907     
   1604.00000000000       0.976558435804896     
   1605.00000000000       0.346508075333831     
   1606.00000000000      -0.602120211595296     
   1607.00000000000      -0.997161952803332     
   1608.00000000000      -0.475417593251939     
   1609.00000000000       0.483423509034724     
   1610.00000000000       0.997807266536597     
   1611.00000000000       0.594811624808694     
   1612.00000000000      -0.355051081653973     
   1613.00000000000      -0.978481461045931     
   1614.00000000000      -0.702300497650713     
   1615.00000000000       0.219572304459887     
   1616.00000000000       0.939571342459629     
   1617.00000000000       0.795732821257236     
   1618.00000000000      -7.969878609913979E-002
   1619.00000000000      -0.881855697065749     
   1620.00000000000      -0.873238547036020     
   1621.00000000000      -6.176990400726220E-002
   1622.00000000000       0.806489703899265     
   1623.00000000000       0.933266397358635     
   1624.00000000000       0.202002269064979     
   1625.00000000000      -0.714981813825826     
   1626.00000000000      -0.974614914392736     
   1627.00000000000      -0.338191557333924     
   1628.00000000000       0.609163557887424     
   1629.00000000000       0.996456507288754     
   1630.00000000000       0.467611939283429     
   1631.00000000000      -0.491152889196135     
   1632.00000000000      -0.998354016416371     
   1633.00000000000      -0.587673065088832     
   1634.00000000000       0.363311792088184     
   1635.00000000000       0.980269463117496     
   1636.00000000000       0.695971910500829     
   1637.00000000000      -0.228199006991391     
   1638.00000000000      -0.942564809849366     
   1639.00000000000      -0.790340873392163     
   1640.00000000000       8.851881721811569E-002
   1641.00000000000       0.885994715503500     
   1642.00000000000       0.868891158328939     
   1643.00000000000       5.293307728362948E-002
   1644.00000000000      -0.811691430902856     
   1645.00000000000      -0.930050580824075     
   1646.00000000000      -0.193325515883645     
   1647.00000000000       0.721142136793913     
   1648.00000000000       0.972595034620502     
   1649.00000000000       0.329848542968808     
   1650.00000000000      -0.616159177913916     
   1651.00000000000      -0.995672992186221     
   1652.00000000000      -0.459769649223774     
   1653.00000000000       0.498843788898638     
   1654.00000000000       0.998822548043642     
   1655.00000000000       0.580488462823503     
   1656.00000000000      -0.371544038056861     
   1657.00000000000      -0.981980663810867     
   1658.00000000000      -0.689588795893014     
   1659.00000000000       0.236807830767207     
   1660.00000000000       0.945484429915323     
   1661.00000000000       0.784887004524138     
   1662.00000000000      -9.733191313466581E-002
   1663.00000000000      -0.890064318726573     
   1664.00000000000      -0.864475694423178     
   1665.00000000000      -4.409210340103648E-002
   1666.00000000000       0.816829564146865     
   1667.00000000000       0.926761897420674     
   1668.00000000000       0.184633616187380     
   1669.00000000000      -0.727245960287045     
   1670.00000000000      -0.970498954740140     
   1671.00000000000      -0.321479685890389     
   1672.00000000000       0.623106523587455     
   1673.00000000000       0.994811468881954     
   1674.00000000000       0.451891337494526     
   1675.00000000000      -0.506495605581693     
   1676.00000000000      -0.999212824710264     
   1677.00000000000      -0.573258380906252     
   1678.00000000000       0.379747174586495     
   1679.00000000000       0.983614929058241     
   1680.00000000000       0.683151653926493     
   1681.00000000000      -0.245398101310005     
   1682.00000000000      -0.948329973913412     
   1683.00000000000      -0.779371641948573     
   1684.00000000000       0.106137383367307     
   1685.00000000000       0.894064187892907     
   1686.00000000000       0.859992501258019     
   1687.00000000000       3.524767502512696E-002
   1688.00000000000      -0.821903701072885     
   1689.00000000000      -0.923400604807603     
   1690.00000000000      -0.175927250962280     
   1691.00000000000       0.733292806087677     
   1692.00000000000       0.968326838973662     
   1693.00000000000       0.313085641775275     
   1694.00000000000      -0.630005050602887     
   1695.00000000000      -0.993872004873903     
   1696.00000000000      -0.443977621339435     
   1697.00000000000       0.514107739746806     
   1698.00000000000       0.999524815839148     
   1699.00000000000       0.565983385793833     
   1700.00000000000      -0.387920558984219     
   1701.00000000000      -0.985172130819495     
   1702.00000000000      -0.676660988933385     
   1703.00000000000       0.253969145596048     
   1704.00000000000       0.951101218903197     
   1705.00000000000       0.773795217778743     
   1706.00000000000      -0.114934538032008     
   1707.00000000000      -0.897994009623910     
   1708.00000000000      -0.855441930079142     
   1709.00000000000      -2.640048509219466E-002
   1710.00000000000       0.826913444136441     
   1711.00000000000       0.919966966332763     
   1712.00000000000       0.167207102327777     
   1713.00000000000      -0.739282200442307     
   1714.00000000000      -0.966078857500279     
   1715.00000000000      -0.304667068273410     
   1716.00000000000       0.636854218479860     
   1717.00000000000       0.992854673766451     
   1718.00000000000       0.436029120776086     
   1719.00000000000      -0.521679595004497     
   1720.00000000000      -0.999758496986660     
   1721.00000000000      -0.558664047461819     
   1722.00000000000       0.396063550888163     
   1723.00000000000       0.986652147092215     
   1724.00000000000       0.670117309439186     
   1725.00000000000      -0.262520292107923     
   1726.00000000000      -0.953797947765363     
   1727.00000000000      -0.768158168911927     
   1728.00000000000       0.123722687896238     
   1729.00000000000       0.901853476029010     
   1730.00000000000       0.850824337411105     
   1731.00000000000       1.755122675489358E-002
   1732.00000000000      -0.831858400838138     
   1733.00000000000      -0.916461251012151     
   1734.00000000000      -0.158473853483193     
   1735.00000000000       0.745213674098593     
   1736.00000000000       0.963755186443070     
   1737.00000000000       0.296224624956546     
   1738.00000000000      -0.643653490605177     
   1739.00000000000      -0.991759555264654     
   1740.00000000000      -0.428046458547330     
   1741.00000000000       0.529210578121027     
   1742.00000000000       0.999913849844534     
   1743.00000000000       0.551300939359954     
   1744.00000000000      -0.404175512317625     
   1745.00000000000      -0.988054861921253     
   1746.00000000000      -0.663521128122934     
   1747.00000000000       0.271050870887152     
   1748.00000000000       0.956419949218725     
   1749.00000000000       0.762460936995181     
   1750.00000000000      -0.132501144432968     
   1751.00000000000      -0.905642284729781     
   1752.00000000000      -0.846140085029414     
   1753.00000000000      -8.700593327931435E-003
   1754.00000000000       0.836738183754409     
   1755.00000000000       0.912883733508784     
   1756.00000000000       0.149728188654216     
   1757.00000000000      -0.751086762342119     
   1758.00000000000      -0.961356007855181     
   1759.00000000000      -0.287758973266568     
   1760.00000000000       0.650402334274830     
   1761.00000000000       0.990586735167991     
   1762.00000000000       0.420030260072485     
   1763.00000000000      -0.536700099064875     
   1764.00000000000      -0.999990862241307     
   1765.00000000000      -0.543894638367220     
   1766.00000000000       0.412255807723053     
   1767.00000000000       0.989380165407816     
   1768.00000000000       0.656872961777036     
   1769.00000000000      -0.279560213586682     
   1770.00000000000      -0.958967017836784     
   1771.00000000000      -0.756703968390734     
   1772.00000000000       0.141269219874613     
   1773.00000000000       0.909360138883627     
   1774.00000000000       0.841389539932178     
   1775.00000000000      -1.507217662496096E-004
   1776.00000000000      -0.841552410567876     
   1777.00000000000      -0.909234694111180     
   1778.00000000000      -0.140970793039291     
   1779.00000000000       0.756901005032802     
   1780.00000000000       0.958881509705561     
   1781.00000000000       0.279270776463673     
   1782.00000000000      -0.657100220735744     
   1783.00000000000      -0.989336305363646     
   1784.00000000000      -0.411981153398344     
   1785.00000000000       0.544147571052964     
   1786.00000000000       0.999989528143272     
   1787.00000000000       0.536445724746641     
   1788.00000000000      -0.420303804035841     
   1789.00000000000      -0.990627953718072     
   1790.00000000000      -0.650173331266781     
   1791.00000000000       0.288047653523248     
   1792.00000000000       0.961438954063817     
   1793.00000000000       0.750887714141018     
   1794.00000000000      -0.150026227266920     
   1795.00000000000      -0.913006747207047     
   1796.00000000000      -0.836573074311354     
   1797.00000000000       9.002025051800673E-003
   1798.00000000000       0.846300704097295     
   1799.00000000000       0.905514418711397     
   1800.00000000000       0.132202352755937     
   1801.00000000000      -0.762655946640945     
   1802.00000000000      -0.956331885864240     
   1803.00000000000      -0.270760699574406     
   1804.00000000000       0.663746625227196     
   1805.00000000000       0.988008363819306     
   1806.00000000000       0.403899769149962     
   1807.00000000000      -0.551552410596639     
   1808.00000000000      -0.999909847654951     
   1809.00000000000      -0.528954782099822     
   1810.00000000000       0.428318870717925     
   1811.00000000000       0.991798129091287     
   1812.00000000000       0.643422761489534     
   1813.00000000000      -0.296512525729605     
   1814.00000000000      -0.963835564230517     
   1815.00000000000      -0.745012629933331     
   1816.00000000000       0.158771480522785     
   1817.00000000000       0.916581823998449     
   1818.00000000000       0.831691065523590     
   1819.00000000000      -1.785262305379804E-002
   1820.00000000000      -0.850982692327113     
   1821.00000000000      -0.901723198782636     
   1822.00000000000      -0.123423554786993     
   1823.00000000000       0.768351136282926     
   1824.00000000000       0.953707336087134     
   1825.00000000000       0.262229409339552     
   1826.00000000000      -0.670341027021933     
   1827.00000000000      -0.986603014575487     
   1828.00000000000      -0.395786740481254     
   1829.00000000000       0.558914037547374     
   1830.00000000000       0.999751827019090     
   1831.00000000000       0.521422397321226     
   1832.00000000000      -0.436300379811187     
   1833.00000000000      -0.992890599847485     
   1834.00000000000      -0.636621781333606     
   1835.00000000000       0.304954167006625     
   1836.00000000000       0.966156660569160     
   1837.00000000000       0.739079176064133     
   1838.00000000000      -0.167504294476009     
   1839.00000000000      -0.920085089160540     
   1840.00000000000      -0.826743896060656     
   1841.00000000000       2.670182235257501E-002
   1842.00000000000       0.855598008436612     
   1843.00000000000       0.897861331356404     
   1844.00000000000       0.114635086926794     
   1845.00000000000      -0.773986127756521     
   1846.00000000000      -0.951008066000396     
   1847.00000000000      -0.253677574161907     
   1848.00000000000       0.676882909466967     
   1849.00000000000       0.985120367737382     
   1850.00000000000       0.387642703025387     
   1851.00000000000      -0.566231875142232     
   1852.00000000000      -0.999515478616164     
   1853.00000000000      -0.513849160552190     
   1854.00000000000       0.444247705986652     
   1855.00000000000       0.993905280394628     
   1856.00000000000       0.629770923636823     
   1857.00000000000      -0.313371915975261     
   1858.00000000000      -0.968402061228324     
   1859.00000000000      -0.733087817402985     
   1860.00000000000       0.176223984934975     
   1861.00000000000       0.923516268222264     
   1862.00000000000       0.821731953519482     
   1863.00000000000      -3.554892963804936E-002
   1864.00000000000      -0.860146290828647     
   1865.00000000000      -0.893929118999241     
   1866.00000000000      -0.105837637727283     
   1867.00000000000       0.779560479575866     
   1868.00000000000       0.948234287084309     
   1869.00000000000       0.245105864053902     
   1870.00000000000      -0.683371760024057     
   1871.00000000000      -0.983560539466236     
   1872.00000000000      -0.379468294844980     
   1873.00000000000       0.573505350049048     
   1874.00000000000       0.999200820963411     
   1875.00000000000       0.506235665134690     
   1876.00000000000      -0.452160226593482     
   1877.00000000000      -0.994842091235328     
   1878.00000000000      -0.622870725144778     
   1879.00000000000       0.321765113128360     
   1880.00000000000       0.970571590287130     
   1881.00000000000       0.727039023356127     
   1882.00000000000      -0.184929868736259     
   1883.00000000000      -0.926875092360313     
   1884.00000000000      -0.816655630571785     
   1885.00000000000       4.439325176404228E-002
   1886.00000000000       0.864627183157979     
   1887.00000000000       0.889926869789018     
   1888.00000000000       9.703189644406590E-002
   1889.00000000000      -0.785073755006044     
   1890.00000000000      -0.945386216656715     
   1891.00000000000      -0.236514950585116     
   1892.00000000000       0.689807070309861     
   1893.00000000000       0.981923651970243     
   1894.00000000000       0.371264156382113     
   1895.00000000000      -0.580733892411352     
   1896.00000000000      -0.998807878713381     
   1897.00000000000      -0.498582507564858     
   1898.00000000000       0.460037321707757     
   1899.00000000000       0.995700958973066     
   1900.00000000000       0.615921726468774     
   1901.00000000000      -0.330133100882337     
   1902.00000000000      -0.972665077769027     
   1903.00000000000      -0.720933267829700     
   1904.00000000000       0.193621263798147     
   1905.00000000000       0.930161298420184     
   1906.00000000000       0.811515324933309     
   1907.00000000000      -5.323409580258445E-002
   1908.00000000000      -0.869040334359193     
   1909.00000000000      -0.885854897290798     
   1910.00000000000      -8.821855298241123E-002
   1911.00000000000       0.790525522097303     
   1912.00000000000       0.942464077855987     
   1913.00000000000       0.227905506829656     
   1914.00000000000      -0.696188336135766     
   1915.00000000000      -0.980209833494972     
   1916.00000000000      -0.363030930408152     
   1917.00000000000       0.587916935893011     
   1918.00000000000       0.998336682652002     
   1919.00000000000       0.490890287446241     
   1920.00000000000      -0.467878374181047     
   1921.00000000000      -0.996481816317952     
   1922.00000000000      -0.608924472043477     
   1923.00000000000       0.338475223628692     
   1924.00000000000       0.974682359655110     
   1925.00000000000       0.714771029192619     
   1926.00000000000      -0.202297489174080     
   1927.00000000000      -0.933374628936799     
   1928.00000000000      -0.806311439332664     
   1929.00000000000       6.207076909820497E-002
   1930.00000000000       0.873385398674202     
   1931.00000000000       0.881713520532267     
   1932.00000000000       7.939829784319612E-002
   1933.00000000000      -0.795915353718898     
   1934.00000000000      -0.939468099623550     
   1935.00000000000      -0.219278207313428     
   1936.00000000000       0.702515057547396     
   1937.00000000000       0.978419218313321     
   1938.00000000000       0.354769261973385     
   1939.00000000000      -0.595053917722605     
   1940.00000000000      -0.997787269696173     
   1941.00000000000      -0.483159607442830     
   1942.00000000000       0.475682769688760     
   1943.00000000000       0.997184602091991     
   1944.00000000000       0.601879510084252     
   1945.00000000000      -0.346790827785376     
   1946.00000000000      -0.976623277896971     
   1947.00000000000      -0.708552790239093     
   1948.00000000000       0.210957865105999     
   1949.00000000000       0.936514832154675     
   1950.00000000000       0.801044381479771     
   1951.00000000000      -7.090257932219905E-002
   1952.00000000000      -0.877662035679336     
   1953.00000000000      -0.877503063978743     
   1954.00000000000      -7.057182206880863E-002
   1955.00000000000       0.801242827592556     
   1956.00000000000       0.936398516685941     
   1957.00000000000       0.210633727961284     
   1958.00000000000      -0.708786738863773     
   1959.00000000000      -0.976551946714995     
   1960.00000000000      -0.346479798356492     
   1961.00000000000       0.602144278737514     
   1962.00000000000       0.997159682890865     
   1963.00000000000       0.475391073231841     
   1964.00000000000      -0.483449896778279     
   1965.00000000000      -0.997809261233877     
   1966.00000000000      -0.594787392544219     
   1967.00000000000       0.355079261847997     
   1968.00000000000       0.978487680429079     
   1969.00000000000       0.702279038150800     
   1970.00000000000      -0.219601713077606     
   1971.00000000000      -0.939581662047648     
   1972.00000000000      -0.795714564033921     
   1973.00000000000       7.972883452686998E-002
   1974.00000000000       0.881869910312015     
   1975.00000000000       0.873223857507753     
   1976.00000000000       6.173981718900621E-002
   1977.00000000000      -0.806507526325558     
   1978.00000000000      -0.933255569536423     
   1979.00000000000      -0.201972746044069     
   1980.00000000000       0.715002888716162     
   1981.00000000000       0.974608164995515     
   1982.00000000000       0.338163189013824     
   1983.00000000000      -0.609187463427729     
   1984.00000000000      -0.996453971405755     
   1985.00000000000      -0.467585293456260     
   1986.00000000000       0.491179146916859     
   1987.00000000000       0.998355744803309     
   1988.00000000000       0.587648675071005     
   1989.00000000000      -0.363339876440866     
   1990.00000000000      -0.980275421180695     
   1991.00000000000      -0.695950264458717     
   1992.00000000000       0.228228355867523     
   1993.00000000000       0.942574878338151     
   1994.00000000000       0.790322404571445     
   1995.00000000000      -8.854884319974130E-002
   1996.00000000000      -0.886008692896998     
   1997.00000000000      -0.868876236383188     
   1998.00000000000      -5.290297516673631E-002
   1999.00000000000       0.811709037443443     
   2000.00000000000       0.930039504416137     
